gaussianNoise_10_SNR: 13.584736188167772
gaussianNoise_30_SNR: 4.157350716855742
saltAndPepper_0_10_SNR: -2.1224174515668217
saltAndPepper_0_05_SNR: 0.9322155909036667
gaussianNoise_10_box_3x3_SNR: 17.739475640063077
gaussianNoise_30_box_3x3_SNR: 12.58801028852668
saltAndPepper_0_10_box_3x3_SNR: 6.306437670804962
saltAndPepper_0_05_box_3x3_SNR: 9.49973257687374
gaussianNoise_10_box_5x5_SNR: 14.863966457019636
gaussianNoise_30_box_5x5_SNR: 13.29349025389245
saltAndPepper_0_10_box_5x5_SNR: 8.494774860538238
saltAndPepper_0_05_box_5x5_SNR: 11.184950309020383
gaussianNoise_10_median_3x3_SNR: 17.674608539116317
gaussianNoise_30_median_3x3_SNR: 11.062790195130201
saltAndPepper_0_10_median_3x3_SNR: 14.78222013429682
saltAndPepper_0_05_median_3x3_SNR: 19.2562522340141
gaussianNoise_10_median_5x5_SNR: 16.001124968968593
gaussianNoise_30_median_5x5_SNR: 12.892238198356491
saltAndPepper_0_10_median_5x5_SNR: 15.739516027669707
saltAndPepper_0_05_median_5x5_SNR: 16.407742327768847
gaussianNoise_10_openingThenClosing_SNR: 13.237508109750971
gaussianNoise_30_openingThenClosing_SNR: 11.146916803946095
saltAndPepper_0_10_openingThenClosing_SNR: -2.1736468572170797
saltAndPepper_0_05_openingThenClosing_SNR: 5.836208637113968
gaussianNoise_10_closingThenOpening_SNR: 13.6011098739097
gaussianNoise_30_closingThenOpening_SNR: 11.212219166640311
saltAndPepper_0_10_closingThenOpening_SNR: -2.5106819738881048
saltAndPepper_0_05_closingThenOpening_SNR: 4.963300303871719
